0000000   42   32  109  105  120   97  108   32  104  101  108  108  111   32  119  111
0000020  114  108  100   10   42   10   84   69   82   77    9   69   81   85    9   49
0000040   57   10    9   79   82   73   71    9   51   48   48   48   10   83   84   65
0000060   82   84    9   79   85   84    9   77   83   71   40   84   69   82   77   41
0000100   10    9   72   76   84   10   77   83   71    9   65   76   70    9   34   77
0000120   73   88   65   76   34   10    9   65   76   70    9   34   32   72   69   76
0000140   76   34   10    9   65   76   70    9   34   79   32   87   79   82   34   10
0000160    9   65   76   70    9   34   76   68   32   32   32   34   10    9   69   78
0000200   68    9   83   84   65   82   84   10
0000210
